shorten_crank_nicolson;20.0;0.07844387098671493;0.0006660932089371518;5.62335e-05
shorten_crank_nicolson;40.0;0.09013063955668334;1.4360486915887538e-05;5.62335e-05
shorten_crank_nicolson;60.0;0.09364787968919616;0.0007965647552482941;5.62335e-05
shorten_crank_nicolson;80.0;0.09411611908764214;0.00032832535680230035;5.62335e-05
shorten_crank_nicolson;100.0;0.09552083728298008;3.47182725754791e-05;5.62335e-05
shorten_crank_nicolson;120.0;0.09645731607987205;0.0001610197835757582;5.62335e-05
shorten_crank_nicolson;140.0;0.09632353339460177;0.00029178736285573326;5.62335e-05
shorten_crank_nicolson;160.0;0.09622319638064905;0.0003045813971287309;5.62335e-05
shorten_crank_nicolson;180.0;0.0955208372829801;0.0007754590133162015;5.62335e-05
shorten_crank_nicolson;200.0;0.09608272456111527;2.83865499958319e-05;5.62335e-05
shorten_crank_nicolson;20.0;0.07400483214546451;4.0335104044372794e-05;6.81292e-05
shorten_crank_nicolson;40.0;0.08732570193164813;4.7595422772370166e-05;6.81292e-05
shorten_crank_nicolson;60.0;0.09032700901310307;4.9231235325311595e-05;6.81292e-05
shorten_crank_nicolson;80.0;0.09131736526946108;0.000990356256358002;0.0001
shorten_crank_nicolson;100.0;0.09216867469879517;0.0008513094293340906;0.0001
shorten_crank_nicolson;120.0;0.0929878048780488;0.0008191301792536271;0.0001
shorten_crank_nicolson;140.0;0.09426697900106758;5.137865049791024e-05;6.81292e-05
shorten_crank_nicolson;160.0;0.09635353630204636;0.00029594823403610027;6.81292e-05
shorten_crank_nicolson;180.0;0.0963718820861678;1.8345784121437392e-05;0.0001
shorten_crank_nicolson;200.0;0.09642857142857142;5.6689342403618004e-05;0.0001
shorten_crank_nicolson;220.0;0.09693877551020406;0.0005102040816326453;0.0001
shorten_crank_nicolson;240.0;0.09651360544217687;0.0004251700680271975;0.0001
shorten_crank_nicolson;280.0;0.0966270089689396;5.266494561598223e-05;6.81292e-05
shorten_crank_nicolson;320.0;0.09690656565656566;0.00027955668762606745;0.0001
shorten_crank_nicolson;360.0;0.09680134680134679;0.00010521885521887209;0.0001
shorten_crank_nicolson;400.0;0.09671717171717172;8.417508417507547e-05;0.0001
shorten_crank_nicolson;440.0;0.09687786960514233;0.00016069788797061502;0.0001
shorten_crank_nicolson;480.0;0.0968013468013468;7.652280379552567e-05;0.0001
shorten_crank_nicolson;520.0;0.09673659673659674;6.475006475006873e-05;0.0001
shorten_crank_nicolson;560.0;0.09668109668109667;5.550005550006287e-05;0.0001
shorten_crank_nicolson;600.0;0.09680134680134679;0.00012025012025011772;0.0001
shorten_crank_nicolson;640.0;0.09674873737373738;5.260942760941523e-05;0.0001
shorten_crank_nicolson;680.0;0.09670231729055258;4.6420083184797734e-05;0.0001
shorten_crank_nicolson;720.0;0.09694163860830526;0.00023932131775268595;0.0001
shorten_crank_nicolson;760.0;0.09688995215311005;5.168645519521009e-05;0.0001
shorten_crank_nicolson;800.0;0.09684343434343434;4.6517809675711286e-05;0.0001
shorten_crank_nicolson;840.0;0.09692159692159692;7.816257816257999e-05;0.0001
shorten_crank_nicolson;880.0;0.09693070007254798;9.103150951053629e-06;6.81292e-05
shorten_crank_nicolson;920.0;0.0968907533591449;3.9946713403071765e-05;6.81292e-05
shorten_crank_nicolson;960.0;0.09685413553852543;3.6617820619477826e-05;6.81292e-05
shorten_crank_nicolson;1000.0;0.09692151232846527;6.737678993984364e-05;6.81292e-05
shorten_crank_nicolson;20.0;0.07400483214546451;4.0335104044372794e-05;6.81292e-05
shorten_crank_nicolson;20.0;0.07397956769876632;2.526444669818939e-05;4.64145e-05
shorten_crank_nicolson;20.0;0.07397099473073784;8.57296802847518e-06;3.16226e-05
shorten_crank_nicolson;20.0;0.07397388227530935;2.8875445715059733e-06;2.15443e-05
shorten_crank_nicolson;20.0;0.07397451050337359;6.2822806423668e-07;1.46778e-05
shorten_crank_nicolson;20.0;0.07396449704142014;1.0013461953450875e-05;1e-05
shorten_crank_nicolson;20.0;0.07396950852763452;5.011486214387406e-06;6.81292e-06
shorten_crank_nicolson;20.0;0.07396569865551056;3.8098721239637756e-06;4.64158e-06
shorten_crank_nicolson;20.0;0.07397099473073784;5.296075227284591e-06;3.16226e-05
shorten_crank_nicolson;20.0;0.07397451050337359;3.5157726357426533e-06;1.46778e-05
shorten_crank_nicolson;20.0;0.07396449704142014;1.0013461953450875e-05;1e-05
shorten_crank_nicolson;20.0;0.07396950852763452;5.011486214387406e-06;6.81292e-06
shorten_crank_nicolson;20.0;0.07396569865551056;3.8098721239637756e-06;4.64158e-06
shorten_crank_nicolson;20.0;0.07396631627936026;6.176238497024311e-07;3.16228e-06
shorten_crank_nicolson;20.0;0.073965913527892;4.0275146825918817e-07;2.15443e-06
shorten_crank_nicolson;20.0;0.07396472623496697;1.1872929250311692e-06;1.4678e-06
shorten_crank_nicolson;20.0;0.07396449704142014;2.2919354683570425e-07;1e-06
shorten_crank_nicolson;40.0;0.08732570193164813;4.7595422772370166e-05;6.81292e-05
shorten_crank_nicolson;40.0;0.08729588988454426;2.9812047103866535e-05;4.64145e-05
shorten_crank_nicolson;40.0;0.08728577378227065;1.0116102273610705e-05;3.16226e-05
shorten_crank_nicolson;40.0;0.08728918108486503;3.4073025943770485e-06;2.15443e-05
shorten_crank_nicolson;40.0;0.08728992239398084;7.413091158148255e-07;1.46778e-05
shorten_crank_nicolson;40.0;0.08727810650887576;1.18158851050848e-05;1e-05
shorten_crank_nicolson;40.0;0.08728402006260874;5.913553732986299e-06;6.81292e-06
shorten_crank_nicolson;40.0;0.08727952441350247;4.4956491062758674e-06;4.64158e-06
shorten_crank_nicolson;40.0;0.08728577378227065;6.249368768182495e-06;3.16226e-05
shorten_crank_nicolson;40.0;0.08728992239398084;4.148611710191874e-06;1.46778e-05
shorten_crank_nicolson;40.0;0.08727810650887576;1.18158851050848e-05;1e-05
shorten_crank_nicolson;40.0;0.08728402006260874;5.913553732986299e-06;6.81292e-06
shorten_crank_nicolson;40.0;0.08727952441350247;4.4956491062758674e-06;4.64158e-06
shorten_crank_nicolson;40.0;0.08728025320964512;7.287961426571954e-07;3.16228e-06
shorten_crank_nicolson;40.0;0.08727977796291256;4.7524673256471583e-07;2.15443e-06
shorten_crank_nicolson;40.0;0.08727837695726103;1.401005651532894e-06;1.4678e-06
shorten_crank_nicolson;40.0;0.08727810650887576;2.704483852700168e-07;1e-06
shorten_crank_nicolson;60.0;0.09032700901310307;4.9231235325311595e-05;6.81292e-05
shorten_crank_nicolson;60.0;0.09029617235232758;3.083666077549618e-05;4.64145e-05
shorten_crank_nicolson;60.0;0.0902857085685728;1.0463783754771638e-05;3.16226e-05
shorten_crank_nicolson;60.0;0.09028923297714146;3.524408568655879e-06;2.15443e-05
shorten_crank_nicolson;60.0;0.09028999976439543;7.667872539696141e-07;1.46778e-05
shorten_crank_nicolson;60.0;0.09027777777777776;1.2221986617669267e-05;1e-05
shorten_crank_nicolson;60.0;0.09028389457511836;6.11679734059678e-06;6.81292e-06
shorten_crank_nicolson;60.0;0.09027924441453151;4.65016058684431e-06;4.64158e-06
shorten_crank_nicolson;60.0;0.0902857085685728;6.4641540412913034e-06;3.16226e-05
shorten_crank_nicolson;60.0;0.09028999976439543;4.291195822625493e-06;1.46778e-05
shorten_crank_nicolson;60.0;0.09027777777777776;1.2221986617669267e-05;1e-05
shorten_crank_nicolson;60.0;0.09028389457511836;6.11679734059678e-06;6.81292e-06
shorten_crank_nicolson;60.0;0.09027924441453151;4.65016058684431e-06;4.64158e-06
shorten_crank_nicolson;60.0;0.09027999825875249;7.53844220977018e-07;3.16228e-06
shorten_crank_nicolson;60.0;0.09027950667821041;4.915805420779851e-07;2.15443e-06
shorten_crank_nicolson;60.0;0.0902780575212347;1.449156975710797e-06;1.4678e-06
shorten_crank_nicolson;60.0;0.09027777777777776;2.7974345694070646e-07;1e-06
shorten_crank_nicolson;80.0;0.09136716342366392;4.979815420284861e-05;6.81292e-05
shorten_crank_nicolson;80.0;0.09133597166545894;3.1191758204984765e-05;4.64145e-05
shorten_crank_nicolson;80.0;0.09132538738672773;1.0584278731212704e-05;3.16226e-05
shorten_crank_nicolson;80.0;0.09132895238037894;3.564993651214432e-06;2.15443e-05
shorten_crank_nicolson;80.0;0.09132972799751836;7.756171394174283e-07;1.46778e-05
shorten_crank_nicolson;80.0;0.09131736526946108;1.2362728057283001e-05;1e-05
shorten_crank_nicolson;80.0;0.09132355250435739;6.187234896315452e-06;6.81292e-06
shorten_crank_nicolson;80.0;0.09131884879516868;4.703709188716432e-06;4.64158e-06
shorten_crank_nicolson;80.0;0.09132538738672773;6.53859155905212e-06;3.16226e-05
shorten_crank_nicolson;80.0;0.09132972799751836;4.34061079063186e-06;1.46778e-05
shorten_crank_nicolson;80.0;0.09131736526946108;1.2362728057283001e-05;1e-05
shorten_crank_nicolson;80.0;0.09132355250435739;6.187234896315452e-06;6.81292e-06
shorten_crank_nicolson;80.0;0.09131884879516868;4.703709188716432e-06;4.64158e-06
shorten_crank_nicolson;80.0;0.09131961132023052;7.625250618426005e-07;3.16228e-06
shorten_crank_nicolson;80.0;0.09131911407892677;4.972413037429568e-07;2.15443e-06
shorten_crank_nicolson;80.0;0.09131764823428437;1.4658446424037352e-06;1.4678e-06
shorten_crank_nicolson;80.0;0.09131736526946108;2.829648232949289e-07;1e-06
shorten_crank_nicolson;100.0;0.09216867469879517;0.0008513094293340906;0.0001
shorten_crank_nicolson;100.0;0.09221893709808558;5.026239929041554e-05;6.81292e-05
shorten_crank_nicolson;100.0;0.09218745455359041;3.148254449517052e-05;4.64145e-05
shorten_crank_nicolson;100.0;0.0921767716025392;1.0682951051207978e-05;3.16226e-05
shorten_crank_nicolson;100.0;0.09218036983097223;3.5982284330299263e-06;2.15443e-05
shorten_crank_nicolson;100.0;0.09218115267883041;7.828478581772824e-07;1.46778e-05
shorten_crank_nicolson;100.0;0.09216867469879517;1.2477980035244252e-05;1e-05
shorten_crank_nicolson;100.0;0.09217491961441185;6.244915616682167e-06;6.81292e-06
shorten_crank_nicolson;100.0;0.09217017205472466;4.747559687184877e-06;4.64158e-06
shorten_crank_nicolson;100.0;0.0921767716025392;6.599547814539752e-06;3.16226e-05
shorten_crank_nicolson;100.0;0.09218115267883041;4.381076291207209e-06;1.46778e-05
shorten_crank_nicolson;100.0;0.09216867469879517;1.2477980035244252e-05;1e-05
shorten_crank_nicolson;100.0;0.09217491961441185;6.244915616682167e-06;6.81292e-06
shorten_crank_nicolson;100.0;0.09217017205472466;4.747559687184877e-06;4.64158e-06
shorten_crank_nicolson;100.0;0.09217094168845388;7.696337292195654e-07;3.16228e-06
shorten_crank_nicolson;100.0;0.09217043981160017;5.018768537146112e-07;2.15443e-06
shorten_crank_nicolson;100.0;0.09216896030156825;1.479510031918152e-06;1.4678e-06
shorten_crank_nicolson;100.0;0.09216867469879517;2.8560277308409265e-07;1e-06
shorten_crank_nicolson;120.0;0.0929878048780488;0.0008191301792536271;0.0001
shorten_crank_nicolson;120.0;0.09303851397409679;5.070909604799889e-05;6.81292e-05
shorten_crank_nicolson;120.0;0.09300675163494904;3.176233914775617e-05;4.64145e-05
shorten_crank_nicolson;120.0;0.09299597374136298;1.0777893586055853e-05;3.16226e-05
shorten_crank_nicolson;120.0;0.09299960394831269;3.630206949711834e-06;2.15443e-05
shorten_crank_nicolson;120.0;0.09300039375357054;7.898052578475534e-07;1.46778e-05
shorten_crank_nicolson;120.0;0.0929878048780488;1.2588875521746257e-05;1e-05
shorten_crank_nicolson;120.0;0.09299410529407125;6.300416022453348e-06;6.81292e-06
shorten_crank_nicolson;120.0;0.09298931554142177;4.789752649475565e-06;4.64158e-06
shorten_crank_nicolson;120.0;0.09299597374136298;6.6581999412090864e-06;3.16226e-05
shorten_crank_nicolson;120.0;0.09300039375357054;4.420012207559387e-06;1.46778e-05
shorten_crank_nicolson;120.0;0.0929878048780488;1.2588875521746257e-05;1e-05
shorten_crank_nicolson;120.0;0.09299410529407125;6.300416022453348e-06;6.81292e-06
shorten_crank_nicolson;120.0;0.09298931554142177;4.789752649475565e-06;4.64158e-06
shorten_crank_nicolson;120.0;0.0929900920151128;7.764736910248482e-07;3.16228e-06
shorten_crank_nicolson;120.0;0.09298958567793154;5.063371812524808e-07;2.15443e-06
shorten_crank_nicolson;120.0;0.09298809301905787;1.4926588736696722e-06;1.4678e-06
shorten_crank_nicolson;120.0;0.0929878048780488;2.8814100908047813e-07;1e-06
shorten_crank_nicolson;140.0;0.09426697900106758;5.137865049791024e-05;6.81292e-05
shorten_crank_nicolson;140.0;0.0942347972772892;3.218172377837669e-05;4.64145e-05
shorten_crank_nicolson;140.0;0.09422387707419315;1.0920203096051462e-05;3.16226e-05
shorten_crank_nicolson;140.0;0.0942275552137902;3.6781395970492126e-06;2.15443e-05
shorten_crank_nicolson;140.0;0.09422835544750496;8.002337147650085e-07;1.46778e-05
shorten_crank_nicolson;140.0;0.09421560035056967;1.2755096935296306e-05;1e-05
shorten_crank_nicolson;140.0;0.09422198395623489;6.383605665225001e-06;6.81292e-06
shorten_crank_nicolson;140.0;0.09421713096048996;4.852995744930588e-06;4.64158e-06
shorten_crank_nicolson;140.0;0.09422387707419315;6.746113703187673e-06;3.16226e-05
shorten_crank_nicolson;140.0;0.09422835544750496;4.478373311814221e-06;1.46778e-05
shorten_crank_nicolson;140.0;0.09421560035056967;1.2755096935296306e-05;1e-05
shorten_crank_nicolson;140.0;0.09422198395623489;6.383605665225001e-06;6.81292e-06
shorten_crank_nicolson;140.0;0.09421713096048996;4.852995744930588e-06;4.64158e-06
shorten_crank_nicolson;140.0;0.09421791768661018;7.867261202221254e-07;3.16228e-06
shorten_crank_nicolson;140.0;0.09421740466383718;5.130227729993608e-07;2.15443e-06
shorten_crank_nicolson;140.0;0.09421589229614462;1.512367692566019e-06;1.4678e-06
shorten_crank_nicolson;140.0;0.09421560035056967;2.919455749511579e-07;1e-06
shorten_crank_nicolson;160.0;0.09635353630204636;0.00029594823403610027;6.81292e-05
shorten_crank_nicolson;160.0;0.09632064225024585;3.289405180051386e-05;4.64145e-05
shorten_crank_nicolson;160.0;0.096309480333352;1.1161916893848156e-05;3.16226e-05
shorten_crank_nicolson;160.0;0.09631323988691934;3.7595535673368152e-06;2.15443e-05
shorten_crank_nicolson;160.0;0.09631405783344851;8.179465291746624e-07;1.46778e-05
shorten_crank_nicolson;160.0;0.09630102040816327;1.3037425285244986e-05;1e-05
shorten_crank_nicolson;160.0;0.0963075453120768;6.524903913535107e-06;6.81292e-06
shorten_crank_nicolson;160.0;0.09630258489744767;4.960414629134879e-06;4.64158e-06
shorten_crank_nicolson;160.0;0.096309480333352;6.89543590433328e-06;3.16226e-05
shorten_crank_nicolson;160.0;0.09631405783344851;4.577500096511478e-06;1.46778e-05
shorten_crank_nicolson;160.0;0.09630102040816327;1.3037425285244986e-05;1e-05
shorten_crank_nicolson;160.0;0.0963075453120768;6.524903913535107e-06;6.81292e-06
shorten_crank_nicolson;160.0;0.09630258489744767;4.960414629134879e-06;4.64158e-06
shorten_crank_nicolson;160.0;0.09630338903739769;8.041399500169355e-07;3.16228e-06
shorten_crank_nicolson;160.0;0.09630286465909574;5.243783019470705e-07;2.15443e-06
shorten_crank_nicolson;160.0;0.09630131881582257;1.5458432731652039e-06;1.4678e-06
shorten_crank_nicolson;160.0;0.09630102040816327;2.98407659304889e-07;1e-06
shorten_crank_nicolson;180.0;0.0963718820861678;7.086167800453291e-05;0.0001
shorten_crank_nicolson;180.0;0.09642443662309276;5.255453692495915e-05;6.81292e-05
shorten_crank_nicolson;180.0;0.09639151836669194;3.291825640082402e-05;4.64145e-05
shorten_crank_nicolson;180.0;0.09638034823646704;1.1170130224891217e-05;3.16226e-05
shorten_crank_nicolson;180.0;0.09638411055644615;3.762319979103146e-06;2.15443e-05
shorten_crank_nicolson;180.0;0.09638492910484914;8.185484029893386e-07;1.46778e-05
shorten_crank_nicolson;180.0;0.0963718820861678;1.3047018681336398e-05;1e-05
shorten_crank_nicolson;180.0;0.09637841179133513;6.5297051673324225e-06;6.81292e-06
shorten_crank_nicolson;180.0;0.09637344772665846;4.9640646766768715e-06;4.64158e-06
shorten_crank_nicolson;180.0;0.09638034823646704;6.900509808588362e-06;3.16226e-05
shorten_crank_nicolson;180.0;0.09638492910484914;4.5808683820924845e-06;1.46778e-05
shorten_crank_nicolson;180.0;0.0963718820861678;1.3047018681336398e-05;1e-05
shorten_crank_nicolson;180.0;0.09637841179133513;6.5297051673324225e-06;6.81292e-06
shorten_crank_nicolson;180.0;0.09637344772665846;4.9640646766768715e-06;4.64158e-06
shorten_crank_nicolson;180.0;0.09637425245832293;8.047316644721469e-07;3.16228e-06
shorten_crank_nicolson;180.0;0.09637372769416497;5.247641579608775e-07;2.15443e-06
shorten_crank_nicolson;180.0;0.09637218071340595;1.5469807590207107e-06;1.4678e-06
shorten_crank_nicolson;180.0;0.0963718820861678;2.986272381461097e-07;1e-06
shorten_crank_nicolson;200.0;0.09642857142857142;5.6689342403618004e-05;0.0001
shorten_crank_nicolson;200.0;0.09648115687992988;5.258545135845838e-05;6.81292e-05
shorten_crank_nicolson;200.0;0.09644821925984882;3.293762008105272e-05;4.64145e-05
shorten_crank_nicolson;200.0;0.09643704255895909;1.1176700889736768e-05;3.16226e-05
shorten_crank_nicolson;200.0;0.09644080709206758;3.7645331084912304e-06;2.15443e-05
shorten_crank_nicolson;200.0;0.09644162612196963;8.190299020521818e-07;1.46778e-05
shorten_crank_nicolson;200.0;0.09642857142857142;1.3054693398212303e-05;1e-05
shorten_crank_nicolson;200.0;0.0964351049747418;6.533546170375826e-06;6.81292e-06
shorten_crank_nicolson;200.0;0.09643013799002707;4.966984714721567e-06;4.64158e-06
shorten_crank_nicolson;200.0;0.09643704255895909;6.904568932014632e-06;3.16226e-05
shorten_crank_nicolson;200.0;0.09644162612196963;4.583563010543412e-06;1.46778e-05
shorten_crank_nicolson;200.0;0.09642857142857142;1.3054693398212303e-05;1e-05
shorten_crank_nicolson;200.0;0.0964351049747418;6.533546170375826e-06;6.81292e-06
shorten_crank_nicolson;200.0;0.09643013799002707;4.966984714721567e-06;4.64158e-06
shorten_crank_nicolson;200.0;0.09643094319506311;8.052050360363161e-07;3.16228e-06
shorten_crank_nicolson;200.0;0.09643041812222036;5.250728427469431e-07;2.15443e-06
shorten_crank_nicolson;200.0;0.09642887023147267;1.547890747688463e-06;1.4678e-06
shorten_crank_nicolson;200.0;0.09642857142857142;2.988029012551685e-07;1e-06
shorten_crank_nicolson;220.0;0.09693877551020406;0.0005102040816326453;0.0001
shorten_crank_nicolson;220.0;0.09652756436279661;0.0004112111474074559;6.81292e-05
shorten_crank_nicolson;220.0;0.09649461089970444;3.295346309216407e-05;4.64145e-05
shorten_crank_nicolson;220.0;0.0964834288228162;1.1182076888244241e-05;3.16226e-05
shorten_crank_nicolson;220.0;0.09648719516666693;3.766343850727938e-06;2.15443e-05
shorten_crank_nicolson;220.0;0.09648801459052277;8.194238558384415e-07;1.46778e-05
shorten_crank_nicolson;220.0;0.09647495361781075;1.3060972712017338e-05;1e-05
shorten_crank_nicolson;220.0;0.09648149030662;6.536688809247182e-06;6.81292e-06
shorten_crank_nicolson;220.0;0.09647652093278322;4.969373836774538e-06;4.64158e-06
shorten_crank_nicolson;220.0;0.0964834288228162;6.907890032978314e-06;3.16226e-05
shorten_crank_nicolson;220.0;0.09648801459052277;4.585767706566379e-06;1.46778e-05
shorten_crank_nicolson;220.0;0.09647495361781075;1.3060972712017338e-05;1e-05
shorten_crank_nicolson;220.0;0.09648149030662;6.536688809247182e-06;6.81292e-06
shorten_crank_nicolson;220.0;0.09647652093278322;4.969373836774538e-06;4.64158e-06
shorten_crank_nicolson;220.0;0.09647732652512325;8.055923400307474e-07;3.16228e-06
shorten_crank_nicolson;220.0;0.09647680119972023;5.253254030251897e-07;2.15443e-06
shorten_crank_nicolson;220.0;0.09647525256443633;1.5486352838989248e-06;1.4678e-06
shorten_crank_nicolson;220.0;0.09647495361781075;2.989466255792772e-07;1e-06
shorten_crank_nicolson;240.0;0.09651360544217687;3.865182436611769e-05;0.0001
shorten_crank_nicolson;240.0;0.09656623726518555;5.263182300868641e-05;6.81292e-05
shorten_crank_nicolson;240.0;0.09653327059958414;3.296666560141659e-05;4.64145e-05
shorten_crank_nicolson;240.0;0.09652208404269716;1.1186556886977339e-05;3.16226e-05
shorten_crank_nicolson;240.0;0.09652585189549974;3.767852802580296e-06;2.15443e-05
shorten_crank_nicolson;240.0;0.09652667164765037;8.197521506325689e-07;1.46778e-05
shorten_crank_nicolson;240.0;0.09651360544217687;1.3066205473505343e-05;1e-05
shorten_crank_nicolson;240.0;0.09652014474985181;6.539307674940931e-06;6.81292e-06
shorten_crank_nicolson;240.0;0.09651517338508;4.971364771802489e-06;4.64158e-06
shorten_crank_nicolson;240.0;0.09652208404269716;6.910657617154037e-06;3.16226e-05
shorten_crank_nicolson;240.0;0.09652667164765037;4.587604953212865e-06;1.46778e-05
shorten_crank_nicolson;240.0;0.09651360544217687;1.3066205473505343e-05;1e-05
shorten_crank_nicolson;240.0;0.09652014474985181;6.539307674940931e-06;6.81292e-06
