
------------
Cray compiler
          n       total        0D         1D  stiffness   initCell    initBC      read      write   compMap       map       mem
nRanks                                                                                                                         
4         4    2.862525  0.612554   0.738678   2.164907   0.572652  0.005192  0.107043   0.205590  0.414166  0.020468  0.071 GB
18       18    4.236978  0.665542   1.846752   2.411429   0.534774  0.008121  0.368984   0.327719  0.372820  0.020403  0.071 GB
80       80   36.404354  0.841960  19.178270   4.487263  15.520221  0.058316  1.527851   7.736294  0.216449  0.023628  0.073 GB
180     180   77.737699  0.827273  35.196569   5.728979  22.949522  0.065186  2.687461  15.815466  2.099611  0.021499  0.075 GB
672     672  167.339655  0.718196  75.013232   6.885151  77.422899  0.092851  4.704839  34.537072  8.411770  0.018072  0.075 GB

------------
GNU compiler
          n       total        0D         1D  stiffness   initCell    initBC       read      write   compMap       map       mem
nRanks                                                                                                                          
4         4    2.876825  0.689323   0.683195   2.373515   0.966349  0.004957   0.107421   0.184613  0.426098  0.021708  0.069 GB
18       18    4.257152  0.720781   1.720947   2.640062   0.570896  0.007684   0.499622   0.422359  0.399789  0.021759  0.070 GB
80       80   33.933087  0.815651  18.413698   4.815181   8.122647  0.047930   2.048923   6.564205  0.234154  0.025183  0.072 GB
180     180   73.968782  0.783781  32.961455   5.840132  13.524105  0.058156   3.720614  14.840697  2.193479  0.023067  0.074 GB
672     672  162.692609  0.697169  72.104348   7.444494  50.973821  0.092861  11.438223  31.697733  8.638231  0.020541  0.073 GB




------------
Cray compiler
          n       total        0D         1D   bidomain  stiffness   initCell    initBC       read      write   compMap       map       mem
nRanks                                                                                                                                     
4         4    2.843810  0.605298   0.746192   0.102538   2.167085   0.203302  0.005231   0.108676   0.176443  0.413286  0.020481  0.070 GB
18       18    4.234495  0.669730   1.884082   0.576159   2.469984   0.542504  0.008172   0.504666   0.291488  0.379639  0.020760  0.071 GB
48      192   17.706550  0.128465  11.256530   0.181709   1.424342   9.040195  0.042583   0.072627   3.867130  0.117904  0.002401  0.071 GB
80       80   38.846281  0.838734  20.028486   2.335353   4.500602  14.608653  0.051591   2.180392   9.509354  0.217419  0.023594  0.073 GB
180     180   82.360752  0.829561  37.597206   5.959583   5.728742  25.411705  0.073281   3.824267  17.791557  2.102744  0.021686  0.075 GB
672     672  163.898379  0.708364  70.821936  23.126040   6.880750  70.711168  0.097531  12.901572  34.029041  8.527832  0.018110  0.074 GB

------------
GNU compiler
          n       total        0D         1D   bidomain  stiffness   initCell    initBC       read      write   compMap       map       mem
nRanks                                                                                                                                     
4         4    2.875447  0.690198   0.696051   0.085937   2.373135   0.234483  0.004953   0.107331   0.171768  0.425281  0.021710  0.069 GB
18       18    4.214168  0.742594   1.764767   0.574844   2.698303   0.557946  0.007684   0.527980   0.371034  0.399420  0.021785  0.071 GB
80       80   34.310306  0.816249  18.497102   2.323238   4.504263   8.130423  0.048661   2.116686   6.651908  0.234023  0.025271  0.071 GB
180     180   78.051927  0.788424  36.034943   5.075708   5.801929  14.741173  0.059015   3.950099  15.241749  2.209498  0.023117  0.074 GB
672     672  170.142301  0.701770  79.185896  22.113614   7.468633  53.928663  0.108158  12.982250  32.106599  8.646264  0.020529  0.071 GB
