hodgkin_huxley_crank_nicolson;20.0;0.0;0.0;6.81292e-05
hodgkin_huxley_crank_nicolson;60.0;0.0007004227978202527;2.391984029126654e-07;4.64145e-05
hodgkin_huxley_crank_nicolson;140.0;0.000302828489893063;1.6505163640440383e-07;6.81292e-05
hodgkin_huxley_crank_nicolson;160.0;0.0002648305084745763;3.799798141848669e-05;0.0001
hodgkin_huxley_crank_nicolson;180.0;0.16934842107019846;9.230054289147138e-05;6.81292e-05
hodgkin_huxley_crank_nicolson;200.0;0.1685897435897436;0.0007586774804548557;0.0001
hodgkin_huxley_crank_nicolson;220.0;0.16880341880341881;0.00021367521367521292;0.0001
hodgkin_huxley_crank_nicolson;240.0;0.16898148148148148;0.00017806267806266818;0.0001
hodgkin_huxley_crank_nicolson;60.0;0.0007004227978202527;2.391984029126654e-07;4.64145e-05
hodgkin_huxley_crank_nicolson;60.0;0.0007003416307840165;8.116703623616255e-08;3.16226e-05
hodgkin_huxley_crank_nicolson;60.0;0.0007003689694413043;2.733865728775115e-08;2.15443e-05
hodgkin_huxley_crank_nicolson;60.0;0.000700374917370876;5.947929571721751e-09;1.46778e-05
hodgkin_huxley_crank_nicolson;60.0;0.0;0.000700374917370876;1e-05
hodgkin_huxley_crank_nicolson;60.0;0.0007002914886712204;3.6071058204592554e-08;4.64158e-06
hodgkin_huxley_crank_nicolson;60.0;0.0007003416307840165;5.0142112796168654e-08;3.16226e-05
hodgkin_huxley_crank_nicolson;60.0;0.000700374917370876;3.32865868594729e-08;1.46778e-05
hodgkin_huxley_crank_nicolson;60.0;0.0;0.000700374917370876;1e-05
hodgkin_huxley_crank_nicolson;60.0;0.0007002914886712204;3.6071058204592554e-08;4.64158e-06
hodgkin_huxley_crank_nicolson;60.0;0.0007002973362023466;5.8475311261966395e-09;3.16228e-06
hodgkin_huxley_crank_nicolson;60.0;0.0007002935230371848;3.81316516177236e-09;2.15443e-06
hodgkin_huxley_crank_nicolson;60.0;0.0;0.0007002935230371848;1.4678e-06
hodgkin_huxley_crank_nicolson;140.0;0.000302828489893063;1.6505163640440383e-07;6.81292e-05
hodgkin_huxley_crank_nicolson;140.0;0.0003027251075324821;1.033823605809097e-07;4.64145e-05
hodgkin_huxley_crank_nicolson;140.0;0.0003026900268642783;3.508066820378814e-08;3.16226e-05
hodgkin_huxley_crank_nicolson;140.0;0.0003027018427246315;1.181586035319069e-08;2.15443e-05
hodgkin_huxley_crank_nicolson;140.0;0.00030270441343995495;2.570715323447527e-09;1.46778e-05
hodgkin_huxley_crank_nicolson;140.0;0.0003026634382566586;4.09751832963442e-08;1e-05
hodgkin_huxley_crank_nicolson;140.0;0.00030268394530678537;2.050705012675595e-08;6.81292e-06
hodgkin_huxley_crank_nicolson;140.0;0.0003026683552731545;1.5590033630860037e-08;4.64158e-06
hodgkin_huxley_crank_nicolson;140.0;0.0003026900268642783;2.1671591123810074e-08;3.16226e-05
hodgkin_huxley_crank_nicolson;140.0;0.00030270441343995495;1.4386575676638216e-08;1.46778e-05
hodgkin_huxley_crank_nicolson;140.0;0.0003026634382566586;4.09751832963442e-08;1e-05
hodgkin_huxley_crank_nicolson;140.0;0.00030268394530678537;2.050705012675595e-08;6.81292e-06
hodgkin_huxley_crank_nicolson;140.0;0.0003026683552731545;1.5590033630860037e-08;4.64158e-06
hodgkin_huxley_crank_nicolson;140.0;0.00030267088259592945;2.5273227749413214e-09;3.16228e-06
hodgkin_huxley_crank_nicolson;140.0;0.00030266923453302054;1.6480629089080448e-09;2.15443e-06
hodgkin_huxley_crank_nicolson;140.0;0.00030266437611887206;4.858414148474575e-09;1.4678e-06
hodgkin_huxley_crank_nicolson;140.0;0.0003026634382566586;9.378622134546127e-10;1e-06
hodgkin_huxley_crank_nicolson;160.0;0.0002648305084745763;3.7832929782082286e-05;0.0001
hodgkin_huxley_crank_nicolson;160.0;0.00026485377350624355;0.0002649151646756001;3.16226e-05
hodgkin_huxley_crank_nicolson;160.0;0.00026486411238405255;1.0338877809001196e-08;2.15443e-05
hodgkin_huxley_crank_nicolson;160.0;0.0002648663617599606;2.2493759080301386e-09;1.46778e-05
hodgkin_huxley_crank_nicolson;160.0;0.0002648305084745763;3.585328538425374e-08;1e-05
hodgkin_huxley_crank_nicolson;160.0;0.0002648484521434372;1.7943668860877574e-08;6.81292e-06
hodgkin_huxley_crank_nicolson;160.0;0.0002648348108640102;1.3641279427009309e-08;4.64158e-06
hodgkin_huxley_crank_nicolson;160.0;0.00026485377350624355;1.8962642233354143e-08;3.16226e-05
hodgkin_huxley_crank_nicolson;160.0;0.0002648663617599606;1.2588253717031334e-08;1.46778e-05
hodgkin_huxley_crank_nicolson;160.0;0.0002648305084745763;3.585328538425374e-08;1e-05
hodgkin_huxley_crank_nicolson;160.0;0.0002648484521434372;1.7943668860877574e-08;6.81292e-06
hodgkin_huxley_crank_nicolson;160.0;0.0002648348108640102;1.3641279427009309e-08;4.64158e-06
hodgkin_huxley_crank_nicolson;160.0;0.00026483702227143825;2.2114074280533275e-09;3.16228e-06
hodgkin_huxley_crank_nicolson;160.0;0.000264835580216393;1.4420550452538816e-09;2.15443e-06
hodgkin_huxley_crank_nicolson;160.0;0.00026483132910401307;4.251112379922029e-09;1.4678e-06
hodgkin_huxley_crank_nicolson;160.0;0.0002648305084745763;8.206294367456811e-10;1e-06
hodgkin_huxley_crank_nicolson;180.0;0.16934842107019846;9.230054289147138e-05;6.81292e-05
hodgkin_huxley_crank_nicolson;180.0;0.1692906073567758;5.7813713422644186e-05;4.64145e-05
hodgkin_huxley_crank_nicolson;180.0;0.16927098946754585;1.961788922996699e-05;3.16226e-05
hodgkin_huxley_crank_nicolson;180.0;0.16927759715923005;6.607691684201722e-06;2.15443e-05
hodgkin_huxley_crank_nicolson;180.0;0.1692790347603659;1.4376011358563368e-06;1.46778e-05
hodgkin_huxley_crank_nicolson;180.0;0.16925612052730699;2.2914233058918265e-05;1e-05
hodgkin_huxley_crank_nicolson;180.0;0.1692675885254501;1.1467998143110947e-05;6.81292e-06
hodgkin_huxley_crank_nicolson;180.0;0.16925887023219854;8.718293251552822e-06;4.64158e-06
hodgkin_huxley_crank_nicolson;180.0;0.16927098946754585;1.2119235347302082e-05;3.16226e-05
hodgkin_huxley_crank_nicolson;180.0;0.1692790347603659;8.045292820058059e-06;1.46778e-05
hodgkin_huxley_crank_nicolson;180.0;0.16925612052730699;2.2914233058918265e-05;1e-05
hodgkin_huxley_crank_nicolson;180.0;0.1692675885254501;1.1467998143110947e-05;6.81292e-06
hodgkin_huxley_crank_nicolson;180.0;0.16925887023219854;8.718293251552822e-06;4.64158e-06
hodgkin_huxley_crank_nicolson;180.0;0.169260283567257;1.4133350584588644e-06;3.16228e-06
hodgkin_huxley_crank_nicolson;180.0;0.1692593619338547;9.216334022899009e-07;2.15443e-06
hodgkin_huxley_crank_nicolson;180.0;0.16925664500069815;2.7169331565657373e-06;1.4678e-06
hodgkin_huxley_crank_nicolson;180.0;0.16925612052730699;5.244733911613508e-07;1e-06
hodgkin_huxley_crank_nicolson;200.0;0.1685897435897436;0.0006663769375633843;0.0001
hodgkin_huxley_crank_nicolson;200.0;0.16868168073689546;9.193714715186041e-05;6.81292e-05
hodgkin_huxley_crank_nicolson;200.0;0.16862409464138803;5.7586095507433654e-05;4.64145e-05
hodgkin_huxley_crank_nicolson;200.0;0.16860455398959512;1.9540651792909758e-05;3.16226e-05
hodgkin_huxley_crank_nicolson;200.0;0.16861113566618843;6.581676593314656e-06;2.15443e-05
hodgkin_huxley_crank_nicolson;200.0;0.16861256760735624;1.4319411678065386e-06;1.46778e-05
hodgkin_huxley_crank_nicolson;200.0;0.1685897435897436;2.2824017612638192e-05;1e-05
hodgkin_huxley_crank_nicolson;200.0;0.16860116643732165;1.1422847578046458e-05;6.81292e-06
hodgkin_huxley_crank_nicolson;200.0;0.16859248246879371;8.68396852793385e-06;4.64158e-06
hodgkin_huxley_crank_nicolson;200.0;0.16860455398959512;1.207152080140439e-05;3.16226e-05
hodgkin_huxley_crank_nicolson;200.0;0.16861256760735624;8.013617761121195e-06;1.46778e-05
hodgkin_huxley_crank_nicolson;200.0;0.1685897435897436;2.2824017612638192e-05;1e-05
hodgkin_huxley_crank_nicolson;200.0;0.16860116643732165;1.1422847578046458e-05;6.81292e-06
hodgkin_huxley_crank_nicolson;200.0;0.16859248246879371;8.68396852793385e-06;4.64158e-06
hodgkin_huxley_crank_nicolson;200.0;0.1685938902394218;1.4077706280979374e-06;3.16228e-06
hodgkin_huxley_crank_nicolson;200.0;0.16859297223457517;9.180048466395085e-07;2.15443e-06
hodgkin_huxley_crank_nicolson;200.0;0.16859026599823473;2.706236340438428e-06;1.4678e-06
hodgkin_huxley_crank_nicolson;200.0;0.1685897435897436;5.224084911326088e-07;1e-06
hodgkin_huxley_crank_nicolson;220.0;0.16880341880341881;0.00021367521367521292;0.0001
hodgkin_huxley_crank_nicolson;220.0;0.16889547247420458;9.205367078576887e-05;6.81292e-05
hodgkin_huxley_crank_nicolson;220.0;0.16883781339251783;5.765908168675615e-05;4.64145e-05
hodgkin_huxley_crank_nicolson;220.0;0.1688182479743728;1.9565418145017777e-05;3.16226e-05
hodgkin_huxley_crank_nicolson;220.0;0.16882483799276157;6.590018388763497e-06;2.15443e-05
hodgkin_huxley_crank_nicolson;220.0;0.1688262717488104;1.4337560488297818e-06;1.46778e-05
hodgkin_huxley_crank_nicolson;220.0;0.16880341880341881;2.285294539158822e-05;1e-05
hodgkin_huxley_crank_nicolson;220.0;0.1688148561286237;1.1437325204893822e-05;6.81292e-06
hodgkin_huxley_crank_nicolson;220.0;0.1688061611537985;8.694974825196322e-06;4.64158e-06
hodgkin_huxley_crank_nicolson;220.0;0.1688182479743728;1.2086820574297441e-05;3.16226e-05
hodgkin_huxley_crank_nicolson;220.0;0.1688262717488104;8.023774437593278e-06;1.46778e-05
hodgkin_huxley_crank_nicolson;220.0;0.16880341880341881;2.285294539158822e-05;1e-05
hodgkin_huxley_crank_nicolson;220.0;0.1688148561286237;1.1437325204893822e-05;6.81292e-06
hodgkin_huxley_crank_nicolson;220.0;0.1688061611537985;8.694974825196322e-06;4.64158e-06
hodgkin_huxley_crank_nicolson;220.0;0.1688075707086733;1.4095548747927733e-06;3.16228e-06
hodgkin_huxley_crank_nicolson;220.0;0.1688066515403224;9.191683509046644e-07;2.15443e-06
hodgkin_huxley_crank_nicolson;220.0;0.16880394187402462;2.709666297784352e-06;1.4678e-06
hodgkin_huxley_crank_nicolson;220.0;0.16880341880341881;5.230706058012569e-07;1e-06
hodgkin_huxley_crank_nicolson;240.0;0.16898148148148148;0.00017806267806266818;0.0001
hodgkin_huxley_crank_nicolson;240.0;0.16907363225529554;9.215077381405368e-05;6.81292e-05
hodgkin_huxley_crank_nicolson;240.0;0.1690159123517926;5.7719903502923e-05;4.64145e-05
hodgkin_huxley_crank_nicolson;240.0;0.16899632629502087;1.9586056771742077e-05;3.16226e-05
hodgkin_huxley_crank_nicolson;240.0;0.16900292326490582;6.596969884947734e-06;2.15443e-05
hodgkin_huxley_crank_nicolson;240.0;0.16900435853335558;1.4352684497564994e-06;1.46778e-05
hodgkin_huxley_crank_nicolson;240.0;0.16898148148148148;2.2877051874092835e-05;1e-05
hodgkin_huxley_crank_nicolson;240.0;0.1689929308713754;1.1449389893919415e-05;6.81292e-06
hodgkin_huxley_crank_nicolson;240.0;0.16898422672463587;8.704146739535457e-06;4.64158e-06
hodgkin_huxley_crank_nicolson;240.0;0.16899632629502087;1.2099570385004643e-05;3.16226e-05
hodgkin_huxley_crank_nicolson;240.0;0.16900435853335558;8.032238334704234e-06;1.46778e-05
hodgkin_huxley_crank_nicolson;240.0;0.16898148148148148;2.2877051874092835e-05;1e-05
hodgkin_huxley_crank_nicolson;240.0;0.1689929308713754;1.1449389893919415e-05;6.81292e-06
hodgkin_huxley_crank_nicolson;240.0;0.16898422672463587;8.704146739535457e-06;4.64158e-06
hodgkin_huxley_crank_nicolson;240.0;0.1689856377663829;1.411041747029218e-06;3.16228e-06
hodgkin_huxley_crank_nicolson;240.0;0.1689847176284451;9.201379377876684e-07;2.15443e-06
hodgkin_huxley_crank_nicolson;240.0;0.16898200510384953;2.712524595577248e-06;1.4678e-06
hodgkin_huxley_crank_nicolson;240.0;0.16898148148148148;5.236223680482599e-07;1e-06
hodgkin_huxley_crank_nicolson;260.0;0.16913214990138067;0.00015066841989919144;0.0001
hodgkin_huxley_crank_nicolson;260.0;0.16922438283929553;9.223293791485454e-05;6.81292e-05
hodgkin_huxley_crank_nicolson;260.0;0.169166611471179;5.7771368116521504e-05;4.64145e-05
hodgkin_huxley_crank_nicolson;260.0;0.16914700795095386;1.9603520225147664e-05;3.16226e-05
hodgkin_huxley_crank_nicolson;260.0;0.16915361080287403;6.6028519201677405e-06;2.15443e-05
hodgkin_huxley_crank_nicolson;260.0;0.16915504735104764;1.436548173611163e-06;1.46778e-05
hodgkin_huxley_crank_nicolson;260.0;0.16913214990138067;2.2897449666964276e-05;1e-05
hodgkin_huxley_crank_nicolson;260.0;0.16914360949985763;1.145959847695388e-05;6.81292e-06
hodgkin_huxley_crank_nicolson;260.0;0.16913489759226746;8.71190759016427e-06;4.64158e-06
hodgkin_huxley_crank_nicolson;260.0;0.16914700795095386;1.2110358686395761e-05;3.16226e-05
hodgkin_huxley_crank_nicolson;260.0;0.16915504735104764;8.039400093778903e-06;1.46778e-05
hodgkin_huxley_crank_nicolson;260.0;0.16913214990138067;2.2897449666964276e-05;1e-05
hodgkin_huxley_crank_nicolson;260.0;0.16914360949985763;1.145959847695388e-05;6.81292e-06
hodgkin_huxley_crank_nicolson;260.0;0.16913489759226746;8.71190759016427e-06;4.64158e-06
hodgkin_huxley_crank_nicolson;260.0;0.16913630989213715;1.412299869690825e-06;3.16228e-06
hodgkin_huxley_crank_nicolson;260.0;0.1691353889337797;9.209583574643077e-07;2.15443e-06
hodgkin_huxley_crank_nicolson;260.0;0.16913267399062448;2.7149431552075942e-06;1.4678e-06
hodgkin_huxley_crank_nicolson;260.0;0.16913214990138067;5.240892438085343e-07;1e-06
hodgkin_huxley_crank_nicolson;280.0;0.16895604395604397;0.00017610594533670754;0.0001
hodgkin_huxley_crank_nicolson;280.0;0.1690481808579968;9.213690195283841e-05;6.81292e-05
hodgkin_huxley_crank_nicolson;280.0;0.1689904696433248;5.771121467201823e-05;4.64145e-05
hodgkin_huxley_crank_nicolson;280.0;0.16897088653492828;1.958310839650368e-05;3.16226e-05
hodgkin_huxley_crank_nicolson;280.0;0.16897748251174236;6.595976814072202e-06;2.15443e-05
hodgkin_huxley_crank_nicolson;280.0;0.16897891756413483;1.4350523924733238e-06;1.46778e-05
hodgkin_huxley_crank_nicolson;280.0;0.16895604395604397;2.287360809086203e-05;1e-05
hodgkin_huxley_crank_nicolson;280.0;0.16896749162241087;1.1447666366903864e-05;6.81292e-06
hodgkin_huxley_crank_nicolson;280.0;0.1689587887859448;8.702836466062402e-06;4.64158e-06
hodgkin_huxley_crank_nicolson;280.0;0.16897088653492828;1.2097748983475043e-05;3.16226e-05
hodgkin_huxley_crank_nicolson;280.0;0.16897891756413483;8.031029206545526e-06;1.46778e-05
hodgkin_huxley_crank_nicolson;280.0;0.16895604395604397;2.287360809086203e-05;1e-05
hodgkin_huxley_crank_nicolson;280.0;0.16896749162241087;1.1447666366903864e-05;6.81292e-06
hodgkin_huxley_crank_nicolson;280.0;0.1689587887859448;8.702836466062402e-06;4.64158e-06
hodgkin_huxley_crank_nicolson;280.0;0.16896019961528153;1.410829336717656e-06;3.16228e-06
hodgkin_huxley_crank_nicolson;280.0;0.16895927961585613;9.19999425391671e-07;2.15443e-06
hodgkin_huxley_crank_nicolson;280.0;0.16895656749958884;2.7121162672893995e-06;1.4678e-06
hodgkin_huxley_crank_nicolson;280.0;0.16895604395604397;5.235435448780468e-07;1e-06
hodgkin_huxley_crank_nicolson;300.0;0.1690883190883191;0.00013227513227512255;0.0001
hodgkin_huxley_crank_nicolson;300.0;0.1691805281239501;9.220903563100791e-05;6.81292e-05
hodgkin_huxley_crank_nicolson;300.0;0.1691227717273575;5.775639659258425e-05;4.64145e-05
hodgkin_huxley_crank_nicolson;300.0;0.1691031732874097;1.9598439947809965e-05;3.16226e-05
hodgkin_huxley_crank_nicolson;300.0;0.1691097744281924;6.6011407826860324e-06;2.15443e-05
hodgkin_huxley_crank_nicolson;300.0;0.16911121060408268;1.4361758902958766e-06;1.46778e-05
hodgkin_huxley_crank_nicolson;300.0;0.1690883190883191;2.2891515763595605e-05;1e-05
hodgkin_huxley_crank_nicolson;300.0;0.16909977571702642;1.145662870732922e-05;6.81292e-06
hodgkin_huxley_crank_nicolson;300.0;0.16909106606713828;8.709649888138937e-06;4.64158e-06
hodgkin_huxley_crank_nicolson;300.0;0.1691031732874097;1.2107220271423413e-05;3.16226e-05
hodgkin_huxley_crank_nicolson;300.0;0.16911121060408268;8.037316672981909e-06;1.46778e-05
hodgkin_huxley_crank_nicolson;300.0;0.1690883190883191;2.2891515763595605e-05;1e-05
hodgkin_huxley_crank_nicolson;300.0;0.16909977571702642;1.145662870732922e-05;6.81292e-06
hodgkin_huxley_crank_nicolson;300.0;0.16909106606713828;8.709649888138937e-06;4.64158e-06
hodgkin_huxley_crank_nicolson;300.0;0.16909247800100866;1.411933870376636e-06;3.16228e-06
hodgkin_huxley_crank_nicolson;300.0;0.16909155728131872;9.207196899341241e-07;2.15443e-06
hodgkin_huxley_crank_nicolson;300.0;0.16908884304174449;2.7142395742363323e-06;1.4678e-06
hodgkin_huxley_crank_nicolson;300.0;0.1690883190883191;5.239534253964617e-07;1e-06
hodgkin_huxley_crank_nicolson;320.0;0.16920405982905984;0.00011574074074074958;0.0001
hodgkin_huxley_crank_nicolson;320.0;0.1692963319816592;9.227215259935417e-05;6.81292e-05
hodgkin_huxley_crank_nicolson;320.0;0.16923853605088612;5.7795930773069104e-05;4.64145e-05
hodgkin_huxley_crank_nicolson;320.0;0.16921892419583098;1.9611855055140515e-05;3.16226e-05
hodgkin_huxley_crank_nicolson;320.0;0.16922552985508615;6.6056592551710924e-06;2.15443e-05
hodgkin_huxley_crank_nicolson;320.0;0.16922696701403703;1.437158950873263e-06;1.46778e-05
hodgkin_huxley_crank_nicolson;320.0;0.16920405982905984;2.290718497718891e-05;1e-05
hodgkin_huxley_crank_nicolson;320.0;0.16921552429981507;1.1464470755229161e-05;6.81292e-06
hodgkin_huxley_crank_nicolson;320.0;0.16920680868818255;8.715611632514886e-06;4.64158e-06
hodgkin_huxley_crank_nicolson;320.0;0.16921892419583098;1.211550764843028e-05;3.16226e-05
hodgkin_huxley_crank_nicolson;320.0;0.16922696701403703;8.042818206044355e-06;1.46778e-05
hodgkin_huxley_crank_nicolson;320.0;0.16920405982905984;2.290718497718891e-05;1e-05
hodgkin_huxley_crank_nicolson;320.0;0.16921552429981507;1.1464470755229161e-05;6.81292e-06
hodgkin_huxley_crank_nicolson;320.0;0.16920680868818255;8.715611632514886e-06;4.64158e-06
hodgkin_huxley_crank_nicolson;320.0;0.16920822158851984;1.4129003372831406e-06;3.16228e-06
hodgkin_huxley_crank_nicolson;320.0;0.16920730023859848;9.213499213567289e-07;2.15443e-06
hodgkin_huxley_crank_nicolson;320.0;0.16920458414113068;2.7160974677975513e-06;1.4678e-06
hodgkin_huxley_crank_nicolson;320.0;0.16920405982905984;5.243120708431359e-07;1e-06
hodgkin_huxley_crank_nicolson;340.0;0.16930618401206637;0.00010212418300653558;0.0001
hodgkin_huxley_crank_nicolson;340.0;0.16939851185610838;9.232784404200611e-05;6.81292e-05
hodgkin_huxley_crank_nicolson;340.0;0.16934068104223493;5.783081387344957e-05;4.64145e-05
hodgkin_huxley_crank_nicolson;340.0;0.16932105735032033;1.9623691914605335e-05;3.16226e-05
hodgkin_huxley_crank_nicolson;340.0;0.169327666996463;6.609646142685666e-06;2.15443e-05
hodgkin_huxley_crank_nicolson;340.0;0.16932910502282028;1.4380263572699725e-06;1.46778e-05
hodgkin_huxley_crank_nicolson;340.0;0.16930618401206637;2.2921010753906845e-05;1e-05
hodgkin_huxley_crank_nicolson;340.0;0.16931765540227559;1.1471390209211174e-05;6.81292e-06
hodgkin_huxley_crank_nicolson;340.0;0.16930893453028042;8.720871995160362e-06;4.64158e-06
hodgkin_huxley_crank_nicolson;340.0;0.16932105735032033;1.2122820039900395e-05;3.16226e-05
hodgkin_huxley_crank_nicolson;340.0;0.16932910502282028;8.047672499955638e-06;1.46778e-05
hodgkin_huxley_crank_nicolson;340.0;0.16930618401206637;2.2921010753906845e-05;1e-05
hodgkin_huxley_crank_nicolson;340.0;0.16931765540227559;1.1471390209211174e-05;6.81292e-06
hodgkin_huxley_crank_nicolson;340.0;0.16930893453028042;8.720871995160362e-06;4.64158e-06
hodgkin_huxley_crank_nicolson;340.0;0.1693103482833827;1.413753102280646e-06;3.16228e-06
hodgkin_huxley_crank_nicolson;340.0;0.16930942637737476;9.219060079501684e-07;2.15443e-06
hodgkin_huxley_crank_nicolson;340.0;0.1693067086405891;2.7177367856456858e-06;1.4678e-06
hodgkin_huxley_crank_nicolson;340.0;0.16930618401206637;5.24628522735604e-07;1e-06
hodgkin_huxley_crank_nicolson;360.0;0.16939696106362775;9.077705156138038e-05;0.0001
hodgkin_huxley_crank_nicolson;360.0;0.16948933841117436;9.23773475466072e-05;6.81292e-05
hodgkin_huxley_crank_nicolson;360.0;0.16943147659010052;5.786182107384019e-05;4.64145e-05
hodgkin_huxley_crank_nicolson;360.0;0.16941184237653306;1.963421356745987e-05;3.16226e-05
hodgkin_huxley_crank_nicolson;360.0;0.16941845556657575;6.613190042692452e-06;2.15443e-05
hodgkin_huxley_crank_nicolson;360.0;0.16941989436396096;1.4387973852059144e-06;1.46778e-05
hodgkin_huxley_crank_nicolson;360.0;0.16939696106362775;2.293330033320551e-05;1e-05
hodgkin_huxley_crank_nicolson;360.0;0.16940843860446272;1.147754083496988e-05;6.81292e-06
hodgkin_huxley_crank_nicolson;360.0;0.16939971305658966;8.725547873067452e-06;4.64158e-06
hodgkin_huxley_crank_nicolson;360.0;0.16941184237653306;1.2129319943404715e-05;3.16226e-05
hodgkin_huxley_crank_nicolson;360.0;0.16941989436396096;8.051987427898366e-06;1.46778e-05
hodgkin_huxley_crank_nicolson;360.0;0.16939696106362775;2.293330033320551e-05;1e-05
hodgkin_huxley_crank_nicolson;360.0;0.16940843860446272;1.147754083496988e-05;6.81292e-06
hodgkin_huxley_crank_nicolson;360.0;0.16939971305658966;8.725547873067452e-06;4.64158e-06
hodgkin_huxley_crank_nicolson;360.0;0.16940112756770523;1.4145111155716705e-06;3.16228e-06
hodgkin_huxley_crank_nicolson;360.0;0.16940020516739807;9.224003071628406e-07;2.15443e-06
hodgkin_huxley_crank_nicolson;360.0;0.16939748597344104;2.7191939570292423e-06;1.4678e-06
hodgkin_huxley_crank_nicolson;360.0;0.16939696106362775;5.249098132820151e-07;1e-06
hodgkin_huxley_crank_nicolson;380.0;0.1694781826360774;8.122157244963568e-05;0.0001
hodgkin_huxley_crank_nicolson;380.0;0.16957060427623338;9.242164015599297e-05;6.81292e-05
hodgkin_huxley_crank_nicolson;380.0;0.16951271471187498;5.788956435839876e-05;4.64145e-05
hodgkin_huxley_crank_nicolson;380.0;0.1694930710841971;1.9643627677895514e-05;3.16226e-05
hodgkin_huxley_crank_nicolson;380.0;0.1694996874450977;6.616360900602025e-06;2.15443e-05
hodgkin_huxley_crank_nicolson;380.0;0.16950112693234998;1.4394872522860425e-06;1.46778e-05
hodgkin_huxley_crank_nicolson;380.0;0.1694781826360774;2.294429627258676e-05;1e-05
hodgkin_huxley_crank_nicolson;380.0;0.16948966568010385;1.1483044026455724e-05;6.81292e-06
hodgkin_huxley_crank_nicolson;380.0;0.16948093594855054;8.729731553303033e-06;4.64158e-06
hodgkin_huxley_crank_nicolson;380.0;0.1694930710841971;1.2135135646546003e-05;3.16226e-05
hodgkin_huxley_crank_nicolson;380.0;0.16950112693234998;8.055848152888068e-06;1.46778e-05
hodgkin_huxley_crank_nicolson;380.0;0.1694781826360774;2.294429627258676e-05;1e-05
hodgkin_huxley_crank_nicolson;380.0;0.16948966568010385;1.1483044026455724e-05;6.81292e-06
hodgkin_huxley_crank_nicolson;380.0;0.16948093594855054;8.729731553303033e-06;4.64158e-06
hodgkin_huxley_crank_nicolson;380.0;0.16948235113788854;1.415189337994338e-06;3.16228e-06
hodgkin_huxley_crank_nicolson;380.0;0.1694814282953137;9.228425748297742e-07;2.15443e-06
hodgkin_huxley_crank_nicolson;380.0;0.1694787077975717;2.720497741998118e-06;1.4678e-06
hodgkin_huxley_crank_nicolson;380.0;0.1694781826360774;5.251614943191374e-07;1e-06
hodgkin_huxley_crank_nicolson;400.0;0.16933760683760685;0.00014057579847054358;0.0001
hodgkin_huxley_crank_nicolson;400.0;0.16942995181747736;9.234497987051227e-05;6.81292e-05
hodgkin_huxley_crank_nicolson;400.0;0.16937211027034224;5.784154713511791e-05;4.64145e-05
hodgkin_huxley_crank_nicolson;400.0;0.16935248293631702;1.9627334025218435e-05;3.16226e-05
hodgkin_huxley_crank_nicolson;400.0;0.16935909380919434;6.6108728773162095e-06;2.15443e-05
hodgkin_huxley_crank_nicolson;400.0;0.16936053210244592;1.438293251582179e-06;1.46778e-05
hodgkin_huxley_crank_nicolson;400.0;0.16933760683760685;2.292526483907431e-05;1e-05
hodgkin_huxley_crank_nicolson;400.0;0.16934908035687882;1.14735192719706e-05;6.81292e-06
hodgkin_huxley_crank_nicolson;400.0;0.16934035786631052;8.722490568296992e-06;4.64158e-06
hodgkin_huxley_crank_nicolson;400.0;0.16935248293631702;1.2125070006502314e-05;3.16226e-05
hodgkin_huxley_crank_nicolson;400.0;0.16936053210244592;8.049166128898388e-06;1.46778e-05
hodgkin_huxley_crank_nicolson;400.0;0.16933760683760685;2.292526483907431e-05;1e-05
hodgkin_huxley_crank_nicolson;400.0;0.16934908035687882;1.14735192719706e-05;6.81292e-06
hodgkin_huxley_crank_nicolson;400.0;0.16934035786631052;8.722490568296992e-06;4.64158e-06
hodgkin_huxley_crank_nicolson;400.0;0.16934177188180205;1.414015491529863e-06;3.16228e-06
hodgkin_huxley_crank_nicolson;400.0;0.16934084980469052;9.220771115259208e-07;2.15443e-06
hodgkin_huxley_crank_nicolson;400.0;0.1693381315634994;2.7182411911352844e-06;1.4678e-06
hodgkin_huxley_crank_nicolson;400.0;0.16933760683760685;5.24725892542266e-07;1e-06
hodgkin_huxley_crank_nicolson;420.0;0.16941391941391942;7.631257631257604e-05;0.0001
hodgkin_huxley_crank_nicolson;420.0;0.1695063060093735;9.23865954540748e-05;6.81292e-05
hodgkin_huxley_crank_nicolson;420.0;0.16944843839574572;5.7867613627776704e-05;4.64145e-05
hodgkin_huxley_crank_nicolson;420.0;0.16942880221659476;1.9636179150961386e-05;3.16226e-05
hodgkin_huxley_crank_nicolson;420.0;0.16943541606868476;6.613852089998318e-06;2.15443e-05
hodgkin_huxley_crank_nicolson;420.0;0.16943685501010813;1.4389414233761944e-06;1.46778e-05
hodgkin_huxley_crank_nicolson;420.0;0.16941391941391942;2.2935596188711216e-05;1e-05
hodgkin_huxley_crank_nicolson;420.0;0.1694253981037724;1.1478689852989499e-05;6.81292e-06
hodgkin_huxley_crank_nicolson;420.0;0.16941667168238367;8.72642138874391e-06;4.64158e-06
hodgkin_huxley_crank_nicolson;420.0;0.16942880221659476;1.2130534211091115e-05;3.16226e-05
hodgkin_huxley_crank_nicolson;420.0;0.16943685501010813;8.052793513374512e-06;1.46778e-05
hodgkin_huxley_crank_nicolson;420.0;0.16941391941391942;2.2935596188711216e-05;1e-05
hodgkin_huxley_crank_nicolson;420.0;0.1694253981037724;1.1478689852989499e-05;6.81292e-06
hodgkin_huxley_crank_nicolson;420.0;0.16941667168238367;8.72642138874391e-06;4.64158e-06
hodgkin_huxley_crank_nicolson;420.0;0.16941808633510613;1.4146527224645489e-06;3.16228e-06
hodgkin_huxley_crank_nicolson;420.0;0.1694171638424574;9.224926487416685e-07;2.15443e-06
hodgkin_huxley_crank_nicolson;420.0;0.1694144443762815;2.719466175887808e-06;1.4678e-06
hodgkin_huxley_crank_nicolson;420.0;0.16941391941391942;5.249623620806609e-07;1e-06
hodgkin_huxley_crank_nicolson;440.0;0.1694832944832945;6.937506937507165e-05;0.0001
hodgkin_huxley_crank_nicolson;440.0;0.16957571891109724;9.242442780274529e-05;6.81292e-05
hodgkin_huxley_crank_nicolson;440.0;0.169517827600658;5.7891310439234234e-05;4.64145e-05
hodgkin_huxley_crank_nicolson;440.0;0.1694981833804836;1.9644220174391824e-05;3.16226e-05
hodgkin_huxley_crank_nicolson;440.0;0.16950479994094875;6.616560465133592e-06;2.15443e-05
hodgkin_huxley_crank_nicolson;440.0;0.16950623947161922;1.4395306704717559e-06;1.46778e-05
hodgkin_huxley_crank_nicolson;440.0;0.1694832944832945;2.294498832472458e-05;1e-05
hodgkin_huxley_crank_nicolson;440.0;0.16949477787367567;1.1483390381178404e-05;6.81292e-06
hodgkin_huxley_crank_nicolson;440.0;0.1694860478788138;8.729994861872425e-06;4.64158e-06
hodgkin_huxley_crank_nicolson;440.0;0.1694981833804836;1.2135501669813253e-05;3.16226e-05
hodgkin_huxley_crank_nicolson;440.0;0.16950623947161922;8.056091135605348e-06;1.46778e-05
hodgkin_huxley_crank_nicolson;440.0;0.1694832944832945;2.294498832472458e-05;1e-05
hodgkin_huxley_crank_nicolson;440.0;0.16949477787367567;1.1483390381178404e-05;6.81292e-06
hodgkin_huxley_crank_nicolson;440.0;0.1694860478788138;8.729994861872425e-06;4.64158e-06
hodgkin_huxley_crank_nicolson;440.0;0.16948746311083715;1.4152320233495885e-06;3.16228e-06
hodgkin_huxley_crank_nicolson;440.0;0.16948654024042728;9.228704098696028e-07;2.15443e-06
hodgkin_huxley_crank_nicolson;440.0;0.16948381966062884;2.72057979844309e-06;1.4678e-06
hodgkin_huxley_crank_nicolson;440.0;0.1694832944832945;5.251773343428745e-07;1e-06
hodgkin_huxley_crank_nicolson;460.0;0.1695466369379413;6.33424546468142e-05;0.0001
hodgkin_huxley_crank_nicolson;460.0;0.16963909590832324;9.245897038193118e-05;6.81292e-05
hodgkin_huxley_crank_nicolson;460.0;0.16958118296166483;5.7912946658411624e-05;4.64145e-05
hodgkin_huxley_crank_nicolson;460.0;0.1695615313996865;1.9651561978334398e-05;3.16226e-05
hodgkin_huxley_crank_nicolson;460.0;0.16956815043301587;6.619033329380297e-06;2.15443e-05
hodgkin_huxley_crank_nicolson;460.0;0.16956959050169457;1.4400686786930628e-06;1.46778e-05
hodgkin_huxley_crank_nicolson;460.0;0.1695466369379413;2.295356375325852e-05;1e-05
hodgkin_huxley_crank_nicolson;460.0;0.1695581246201091;1.148768216779894e-05;6.81292e-06
hodgkin_huxley_crank_nicolson;460.0;0.16954939136251088;8.733257598231292e-06;4.64158e-06
hodgkin_huxley_crank_nicolson;460.0;0.1695615313996865;1.2140037175617513e-05;3.16226e-05
hodgkin_huxley_crank_nicolson;460.0;0.16956959050169457;8.05910200807336e-06;1.46778e-05
hodgkin_huxley_crank_nicolson;460.0;0.1695466369379413;2.295356375325852e-05;1e-05
hodgkin_huxley_crank_nicolson;460.0;0.1695581246201091;1.148768216779894e-05;6.81292e-06
hodgkin_huxley_crank_nicolson;460.0;0.16954939136251088;8.733257598231292e-06;4.64158e-06
hodgkin_huxley_crank_nicolson;460.0;0.1695508071234611;1.4157609502241097e-06;3.16228e-06
hodgkin_huxley_crank_nicolson;460.0;0.1695498839081389;9.232153221905293e-07;2.15443e-06
hodgkin_huxley_crank_nicolson;460.0;0.16954716231155473;2.721596584182029e-06;1.4678e-06
hodgkin_huxley_crank_nicolson;460.0;0.1695466369379413;5.253736134192e-07;1e-06
hodgkin_huxley_crank_nicolson;480.0;0.16960470085470086;5.8063916759554246e-05;0.0001
hodgkin_huxley_crank_nicolson;480.0;0.16969719148911377;9.249063441291172e-05;6.81292e-05
hodgkin_huxley_crank_nicolson;480.0;0.16963925870925445;5.7932779859326544e-05;4.64145e-05
hodgkin_huxley_crank_nicolson;480.0;0.16961960041728913;1.9658291965318764e-05;3.16226e-05
hodgkin_huxley_crank_nicolson;480.0;0.16962622171741074;6.621300121606444e-06;2.15443e-05
hodgkin_huxley_crank_nicolson;480.0;0.16962766227926362;1.4405618528889885e-06;1.46778e-05
hodgkin_huxley_crank_nicolson;480.0;0.16960470085470086;2.2961424562761845e-05;1e-05
hodgkin_huxley_crank_nicolson;480.0;0.1696161924710064;1.1491616305536745e-05;6.81292e-06
hodgkin_huxley_crank_nicolson;480.0;0.16960745622256654;8.736248439861205e-06;4.64158e-06
hodgkin_huxley_crank_nicolson;480.0;0.16961960041728913;1.2144194722590873e-05;3.16226e-05
hodgkin_huxley_crank_nicolson;480.0;0.16962766227926362;8.061861974495432e-06;1.46778e-05
hodgkin_huxley_crank_nicolson;480.0;0.16960470085470086;2.2961424562761845e-05;1e-05
hodgkin_huxley_crank_nicolson;480.0;0.1696161924710064;1.1491616305536745e-05;6.81292e-06
hodgkin_huxley_crank_nicolson;480.0;0.16960745622256654;8.736248439861205e-06;4.64158e-06
hodgkin_huxley_crank_nicolson;480.0;0.16960887246836637;1.416245799829019e-06;3.16228e-06
hodgkin_huxley_crank_nicolson;480.0;0.16960794893687456;9.235314918087933e-07;2.15443e-06
hodgkin_huxley_crank_nicolson;480.0;0.16960522640823678;2.722528637782995e-06;1.4678e-06
hodgkin_huxley_crank_nicolson;480.0;0.16960470085470086;5.255535359127705e-07;1e-06
hodgkin_huxley_crank_nicolson;500.0;0.16965811965811967;5.341880341880323e-05;0.0001
hodgkin_huxley_crank_nicolson;500.0;0.16975063942344107;9.251976532140271e-05;6.81292e-05
hodgkin_huxley_crank_nicolson;500.0;0.1696926883970369;5.795102640415717e-05;4.64145e-05
hodgkin_huxley_crank_nicolson;500.0;0.16967302391348354;1.9664483553366585e-05;3.16226e-05
hodgkin_huxley_crank_nicolson;500.0;0.16967964729905402;6.623385570475593e-06;2.15443e-05
hodgkin_huxley_crank_nicolson;500.0;0.16968108831462717;1.4410155731447993e-06;1.46778e-05
hodgkin_huxley_crank_nicolson;500.0;0.16965811965811967;2.2968656507499352e-05;1e-05
hodgkin_huxley_crank_nicolson;500.0;0.16966961489383192;1.1495235712255525e-05;6.81292e-06
hodgkin_huxley_crank_nicolson;500.0;0.16966087589381776;8.739000014162945e-06;4.64158e-06
hodgkin_huxley_crank_nicolson;500.0;0.16967302391348354;1.214801966578638e-05;3.16226e-05
hodgkin_huxley_crank_nicolson;500.0;0.16968108831462717;8.064401143620392e-06;1.46778e-05
hodgkin_huxley_crank_nicolson;500.0;0.16965811965811967;2.2968656507499352e-05;1e-05
hodgkin_huxley_crank_nicolson;500.0;0.16966961489383192;1.1495235712255525e-05;6.81292e-06
hodgkin_huxley_crank_nicolson;500.0;0.16966087589381776;8.739000014162945e-06;4.64158e-06
hodgkin_huxley_crank_nicolson;500.0;0.16966229258567928;1.4166918615166058e-06;3.16228e-06
hodgkin_huxley_crank_nicolson;500.0;0.16966136876331137;9.238223679097768e-07;2.15443e-06
hodgkin_huxley_crank_nicolson;500.0;0.16965864537718423;2.7233861271402926e-06;1.4678e-06
